72859434
124762943
124702679
124635233
124498037
120398636
124114880
118857143
120539234
120509720
122435768
122397410
124671260
118358822
122397488
123049277
123593105
123891206
123593723
107435246
123780371
124092704
113915318
85114148
116118839
116115515
85357749
119494997
123635285
124109714
118967804
123731024
123100499
123971909
85543971
73537143
122171768
124691480
118664387
123867833
85437987
124095341
115122182
121044617
121781753
94223735
114458666
124693208
85373250
119205278
124092368
85585080
85664388
124589747
124050968
122593367
85687506
85669563
123610301
85420713
65784120
123586526
85114451
122803394
85413504
124295756
123002174
124490390
121417322
121417355
122709884
119753696
124382426
75257695
123815594
123503480
96614686
124669994
109374272
124092305
123765698
123592832
116106038
118727276
118855211
124711682
119432348
114573920
123590663
124722272
124092110
85535139
124717514
119495078
116108690
85394388
124425416
124751681
73506339
123592289
123019481
80996967
116106077
123698933
124124213
123257567
72859416
80257920
119381561
85567209
96548134
85303698
121188716
73506345
116460788
124740737
90348640
123862010
119495114
120970337
85416465
107680280
123420770
124708463
85481469
123884522
85656117
89800978
115021484
85667160
123468641
123773951
122902220
118350956
82874856
124073099
120743120
73536615
85666038
99905333
122138798
123833180
110514809
120265403
111369002
124095407
111858872
124082108
122662760
113962247
120826970
123675500
85692795
124264067
115787066
121992653
123028145
102227564
122237957
119495099
78211536
120963530
121272668
116243063
123655037
120855146
85589361
115386437
121174817
124185512
85667163
121413242
97917608
85400715
124366019
115786256
111645674
123652736
123047978
124213862
85532319
111008534
85440741
124547330
122096807
119385221
122832155
85496553
85667556
123715322
117953231
120981800
85624062
123897644
120510284
120017207
124655093
85567455
122278370
122363555
107278337
120868823
122798165
122348936
100032050
84018003
122803391
122422094
124537739
124269056
124020374
122453786
118568108
104715665
85421538
89800957
121504247
85488426
122448116
96603610
109201937
79072542
124728203
81012270
72529905
120247463
114832574
120474047
124484783
116864288
85369533
116491958
119495156
123456743
73536783
124578218
123773777
123972050
119400701
119495045
121174808
123339137
121142705
124502090
117952349
124064630
115856939
82874862
119495051
85523907
123854234
120243683
113894780
119495135
124510442
122053667
82871418
85589229
123527195
84028355
104715428
121505237
85561113
123684206
96615559
123856277
119495150
121176410
123763907
111302474
86828176
124265468
85337433
123177848
118997240
113471624
124688231
118414718
118357649
123666989
96650236
101216705
122656118
120761504
121916369
124110014
123930746
119344067
123500021
119312105
124725776
122107001
88288954
85312872
116345459
120219206
119410397
104715461
123271694
113565419
124580681
121975067
85561476
85561479
124282610
121773149
119134697
103620020
120334373
123017468
85663449
119694155
118845128
121878863
95476079
79444506
96595036
119631479
123740750
123312572
96634558
85514715
124640270
85421026
85502169
120745901
112239551
121554407
121737713
111719240
101939660
124493621
124230089
124366364
124118657
121737095
124184954
124544453
124515071
124544696
124063607
124515224
124515104
124188239
122827157
119387291
100691213
124766471
119387318
106185638
106201646
85403895
121740293
121557668
121555538
124612841
111549329
119387387
122668481
121515356
124190945
124610468
123373451
121555151
124452935
85323558
123623882
123460787
120982838
119387459
124105973
85556544
107614736
85670499
124351997
121155575
85317252
118848830
110826371
124324289
85569510
119387279
122562641
119387036
124245956
124762568
119481329
124616939
124672604
124282949
84719163
124578767
118933889
122663273
122481644
119947490
122743109
120666812
124044779
123229382
123019610
124428509
120247265
120973865
85722927
124104143
121150109
84719181
120456884
85396578
123394274
85636185
106839110
84719199
123456023
123684986
113576006
124324292
85620789
117596441
113207456
120456671
113206580
122617142
115651553
120456557
123875471
124036316
123934019
122613563
111697598
118848791
122089055
121859276
122033264
124081466
124484102
124634960
118848779
96642709
124683542
124691138
124396616
82455294
122408342
89305972
123440885
120751223
122357600
85486149
85486746
123967292
85487094
123970907
123967835
123934001
85449774
119750324
124314842
123507911
124683533
123965786
122838839
85620702
85517931
85599870
96639256
96638887
85026222
124683521
124483424
96603211
122611013
119105636
123667214
123934031
122089157
123742814
124683512
124698809
113563346
123623363
121157528
121467254
124683500
90513134
85725756
85337970
115523285
124226414
122397968
85657998
120751211
123199922
124018187
123358097
122675774
96653119
114713288
124567565
123581723
119182229
85641036
99144185
118952963
124544738
85623183
68555721
110650346
122831615
85639455
85109208
124725251
79756119
117571499
109301030
117485225
121802108
67999140
124712795
116255690
123884897
123955169
123493079
122291759
118687715
82845939
121963574
123668342
64107363
123720668
124733468
123105857
124613180
119258267
123103232
121404254
121787762
122062028
123668378
119438303
79575216
115395452
123878066
96618448
85663353
115380320
124141457
121573241
124270940
123983921
123534608
85380630
85335870
83604096
103883789
123549779
85565418
122787101
123534602
123578213
103311299
85623165
89350366
123468254
123658931
121251533
84720198
124560467
123929006
123983705
123642581
124103780
85438962
124568030
121764170
121521305
124766924
121172957
121172936
124648148
124523024
113456693
123244361
123482657
122787941
121855397
123121955
121562807
123399515
123537908
124369169
123629444
124451129
124023389
122302106
123399506
122755748
124604507
123634775
122596802
123549782
122742536
123477242
123477236
123399497
85513131
116892482
120673502
84809640
124741973
124551812
123125834
122672870
123209126
121573298
122237762
124103813
124377047
124585511
124047452
121626758
117680162
121591280
85383408
123836303
96559762
84731169
124104212
79961313
123873416
89554597
120886703
77570946
124489745
123951203
124040246
96614662
121495562
123207722
123948125
123461348
124604624
123528653
96561601
123477038
124166771
109240490
118631489
120842537
121092461
115147133
124585103
120760373
85620015
123778256
123962261
117207365
108953759
85582425
116792537
124544594
124104086
120688391
121270892
118800788
123971081
124024760
123726569
124148663
122701649
122237774
116463983
85383462
122918750
119497682
115844408
124621490
101182583
120911318
123327386
122237771
122553464
124103825
119330744
124104218
124104137
124104191
124103810
85574730
122884931
124225742
123351644
122839325
121495880
122625629
121260176
123449291
122876741
124022009
121776140
124191332
96592483
124497230
124119899
121588022
124142231
122092181
85388667
122150813
122170406
124104470
122845646
85099272
122031023
123573395
123069737
124313450
123705527
90551170
84834987
96619240
117676607
124102913
124089179
123549200
124038671
124528940
123869354
85593516
121467371
124453964
122134082
124104545
96655513
124716473
120290756
96554854
115435583
85369341
122353094
124578554
124542389
122554643
119500283
122372789
121122815
122612429
123638228
85468674
108046328
101214350
120854012
124104503
85453824
118332167
121285094
122780489
121207070
115434914
115435451
115434941
123399266
124141421
85528383
120970805
124755569
124000103
124158953
121095548
124613426
124104473
122366630
124566827
124104479
122366636
124104485
124675517
85715436
124198076
123763775
123897767
123905762
117866777
123632363
116358785
77550960
115349438
111489095
122440250
122368994
124104500
122373077
121744304
122288804
85342827
124234217
124519853
124399454
113504795
124272401
85343763
124104560
122727968
124282145
119712254
81031110
123404654
121942403
113530628
115445780
121093421
85410141
116338241
123476429
96594331
85444854
122168891
112907288
85715439
85650126
124104476
121396856
113530607
124624403
121343474
109835090
123528173
121822502
120745286
114827327
124386347
123927098
96566026
120253826
124598882
124411301
85547730
113530649
122427854
123022091
119736548
124465505
123529601
117550016
122690729
85727388
122645582
85480293
120450548
85423638
122673977
124386494
123006644
109517180
122677307
119872007
124612700
124327946
119641889
122435144
115434431
85321014
84075840
123604778
113530691
121727261
124603445
119991167
121403003
124271132
108828254
85105710
124379789
124692305
121597148
124705988
124706006
124705973
124705943
124705886
85511163
85631850
123552566
85500054
124288487
120072293
85467765
117134471
124687790
123014537
85571166
85061481
85543599
117134468
117134465
122851904
124670555
123988739
124701905
112420328
124435052
85379997
124229483
121461443
85212867
124288529
122941715
124484147
124095179
124658573
123464180
96589627
113856296
123309404
122874776
96637036
123882584
123620525
121555211
124319072
123692318
85198569
96637120
124377134
114224315
85204701
124688315
123358217
124268738
85491327
124399094
123751256
90935410
77313132
124523009
85647465
124563623
115533239
116734781
123452231
123757589
124619168
123117974
124728200
119333093
120171275
121980485
123774230
123797096
123628124
115429274
84061890
120935123
84966663
85204698
85932220
122818427
122604236
123862916
120584129
122904794
85603479
124535984
123874145
122398412
123076004
123620543
116232893
123765299
123005780
123955184
123791369
84765243
122681897
90469177
124507289
123428069
124469996
124438853
85472094
122398505
123059312
123074768
124243652
108361127
96653731
85553487
124505426
124400681
121872833
85212864
121777511
109782665
115938788
123826511
111442964
123224180
121636136
85438593
85262838
118032089
123691637
124189904
99826250
123929747
120852740
85639041
118354943
123764924
85577844
123188399
85688715
124753238
123754532
123506894
108606272
123934223
112265546
85414887
122608193
85610718
112846430
120583616
119844488
96608704
85358238
93965174
121403930
120685103
118868840
119542580
119638961
85389564
124041926
111087245
85506360
117622070
85012272
121622369
121212569
113740346
121932467
122007371
84706125
124335020
124268822
124582919
85704516
85704597
124562483
124236653
123558413
121394318
123290885
82881987
122604920
113181263
123978284
122726165
123929714
123929462
123513386
121356701
85718538
118825583
118846622
124412516
123937550
122930909
124720706
85533318
124361006
122838890
122417360
123024188
123118583
85108470
123275180
96640144
124571129
124725305
124618352
96652639
109016336
123924548
124338977
121509023
121753991
124732493
121754819
122935046
122957948
123332276
121538249
85310868
116221682
118825388
112463645
124112123
124378187
124404716
112452197
85434015
124378115
124404626
124315811
118954517
124486007
123070607
114107009
120513173
124765088
123466697
85685982
121604666
124116449
117081938
123196559
123075419
122094380
96636433
85542822
122615642
124496120
85600923
123813206
116380805
85355181
123243011
115493333
85714671
124128152
124451288
85516929
113263748
85509429
120679496
117102131
123307043
122999702
84940266
96605263
124292462
123349853
122170409
120368723
122860568
122710976
124754810
121774217
123662909
85572540
85698921
124276130
120984452
96551332
123254057
119649872
124734776
89107775
123993974
96609334
85401732
85493580
85111515
85469874
85332939
113596649
85584486
120110648
123729377
85456893
75116931
77631646
123219641
123389744
119377892
122688410
123237650
119499269
118964594
123722768
124751360
85298160
119356442
123338141
115178798
96636319
122563208
123829352
85539150
122071370
117951695
123947777
124350317
113527004
119538152
123551240
116457992
117656084
124362593
84581677
85585632
124503290
73295898
121977812
122874194
85503570
124560533
85648485
122839124
85528401
124757267
85340559
114424778
122929694
124662011
118295528
124402481
124378286
122147210
124378235
123172664
124404779
122564882
122039972
121245599
122920514
124552445
85431597
124362899
85493307
120982670
85421967
124570259
114230936
96613228
113619755
123683963
117217331
122735480
124319087
123047540
96546307
85650687
119015987
124632818
124691981
123817982
121623146
124669694
120610838
112695098
124203593
93647249
123692093
124598762
123423539
109742147
123696029
114523061
85701615
113731298
85637610
85568916
119945060
123889463
124153538
121072811
120958211
123649283
124589588
124709654
121408136
84762516
121268690
124416950
85550367
124454732
123835310
85697487
124522199
124283030
114668726
123903410
124464440
123620006
122784587
123516752
121846328
121118717
85637178
122864996
124758290
124223795
122728445
85461465
121978862
109864445
124681952
114230651
85524705
116821022
121645091
122112194
85306110
124624019
85589220
119660396
85713810
123462566
124010681
124482566
124758008
109940159
119440331
107821523
121545326
85704051
121248023
124458404
65546280
124127294
119495216
124572833
114230231
124453691
119750876
124762691
122892875
96640564
116820962
122077610
123623996
120771110
124463234
85651917
123889421
124691894
124681832
96616045
124710692
123717515
121404950
121089986
123959255
122557055
85136265
85640910
122657588
124565042
120586136
123504962
114984668
123610358
124627328
81570207
96590431
121951667
85428960
123266051
124505081
84855363
123467144
96620725
106495628
85402698
124420178
123801290
124764143
85326591
84751935
124117319
112401563
124655912
114190127
124582883
123416690
124379216
122726846
85436985
121617848
122198120
85675749
85530903
96555205
120958433
122550758
124645388
121844477
85399173
122434805
124025078
124436720
118847378
84874863
85136268
118055264
119273099
121883933
123464168
85680720
124106156
85304244
123887111
124283252
122765093
124711823
86648944
124625855
92775689
124462799
121665752
85140006
108750251
119197391
85306530
123338444
119219945
123695966
124568984
124433354
75771225
96593374
121061804
96616096
123624062
123445859
114229895
124108502
124554686
123879593
122759279
124038122
120751181
121051169
85678563
117598841
96616081
124430087
118645946
96576214
122406887
123624020
110800391
121413479
85649916
124427837
124263290
85580553
124018751
120059588
124571684
118581884
123987371
85630545
96594010
121043954
81961104
121429313
96651217
120454124
122914937
120432695
120688829
120385493
124558436
119485067
122860574
117189380
123034979
90517912
124594097
122042762
120400646
96543226
118637564
124308818
102749963
116325371
85384959
122923637
91505669
84723024
122430308
108755327
123060671
114229481
122652293
85647111
121917677
96557482
124533635
121810175
124261196
124476767
121400402
122621345
122928650
72583908
122144150
119994665
124466825
85583652
122079101
122046284
85710411
124143890
118443254
123916304
118164176
123816038
122141654
79946412
120471776
120610421
123249926
117646439
124535189
124563647
124548191
124298114
124192031
123884696
124666472
96613336
86718742
121645082
84730203
89760121
124237985
111133631
46204665
118825376
85709355
124305623
121682741
123651053
85630728
122648048
124719974
122603336
123297134
122161970
122562464
123095906
116470454
122798339
123113672
116119094
124188995
122433908
123892211
122976086
115843997
116455400
124708877
121625135
118292438
96544711
123303242
114491834
80138145
122105564
123317507
85443951
121963673
124269845
122384492
123760784
85624176
119907065
123851162
85469880
124710569
123928184
123819032
123483785
124278896
85466142
121560515
121561937
123621998
123537890
124537235
124503350
122685068
122686493
112700969
120949073
123731738
124091462
119948942
119826203
122765357
84027135
119882819
124308725
121966694
112271429
124636430
122935085
124682426
122930132
116548106
120979196
82267137
116345693
71617899
85359765
122036468
122807792
123816335
121169288
84081180
79740132
82846788
100736480
123812624
124765685
119329913
84719544
124484033
85696089
73134275
117926609
123768677
123467810
96555196
123645044
123624434
124089587
118628012
123834146
120998009
85161528
82846587
124616936
121321373
121169591
117304493
116997605
123447359
121751963
124437845
120985844
124109744
85602882
119189249
113046629
122045234
124513298
124567868
85588509
124276133
119963522
121968764
122107865
123949208
107892638
116087087
123810779
96587362
122264030
123493076
122251628
123636113
124585313
120682790
120798038
113735021
119362286
85467753
124016483
124022552
124631537
124642943
85434093
123909467
85386516
124465898
118585220
118624340
118601108
84873549
85560768
120985778
122450243
124713230
122548103
118324538
123178688
121908206
124524875
122555951
123577466
124351988
124358420
114823391
83474048
123305924
123712931
116802467
121751756
85208931
123898868
122333651
123503495
124286456
123066377
119284373
119948423
120168401
124565045
114823403
119759033
119673527
120166604
117926867
123082415
124702049
113859032
124557128
119969864
120983087
124249970
86552396
120271019
85216266
119688458
121587215
120624443
102121799
119427233
124254128
123905393
86680045
84760011
124028699
124719257
121855223
85648302
124717220
121700822
107317829
124537193
96651664
123928040
121777310
96650947
85511286
120248069
122571995
121056608
120320957
122583626
119686313
123195056
124437836
96572983
85560771
116784653
121813307
124104974
103365677
85436379
120072254
123445238
83605017
122881979
123929699
85547307
120883085
117926864
122114462
124444763
124223165
123955166
121491473
123197393
119887610
124585316
115438766
85379415
124460603
123301853
121864496
85647237
123817316
122616359
116542817
116453645
122579840
122727743
122571992
123668705
123680843
124172375
123270431
85674216
123592814
119495195
85449585
84011235
119764001
123521483
124681442
122676653
124432979
122232740
85617279
123340892
123597839
122615546
123506873
121796285
121248704
123947720
124714691
124652585
124721384
85680921
110653208
120244271
118975832
122651336
124320422
124187606
120073418
84708753
123307040
122922452
85537011
123445496
124106390
114395531
120565349
124582559
120977864
96643972
120983066
122414159
110331395
112739606
123712100
113298551
123256517
124546907
123391085
56456949
117926849
120510080
124459295
120510341
121427537
121331639
85442910
123791405
124501505
124616282
123626450
122421335
123448325
122898626
121504751
113396795
123246941
85576335
117926666
119151506
123911816
123449918
121984694
121941431
112181804
110435219
109483976
122761640
121854746
124131824
113965406
121831943
118826000
85714230
124017266
109350188
124287287
117214610
121126907
109110503
122754491
85346823
84071529
69276025
119495165
124431275
117926654
123306779
123132572
124034087
124304555
124243115
123444632
120467735
121642295
121807751
124220936
124358009
123418214
85473057
121974728
123756221
124145459
121103648
122762423
85633533
122832131
114365336
124515266
122886854
120560231
85418649
121843385
123615911
124623431
85253478
123307796
123749129
117405152
123506744
124560506
122670677
123554852
123203441
124732448
123717212
123574784
85441788
123994304
113110283
123998948
124695275
119403680
110076404
124482875
124104932
123749474
123750950
123265823
123805364
90939334
85575117
124528481
123697817
123106178
77474751
96634372
122033837
123754781
124656119
122147816
107149544
119564147
122469320
87062140
95529323
113083973
124528310
121728104
118294481
85606362
123490250
104752523
96603010
122564507
117926648
123295388
124224353
120685760
118152425
119121380
123955385
85061352
123772577
122470565
85686576
119942471
122002427
122599979
121404482
85391163
121412684
123622172
122552804
122549180
124379360
124381814
124722533
124642949
121360376
121361195
124159853
124327421
123478061
121616576
123013358
124260488
124486928
120672770
85540239
124155293
122630585
85584579
115879361
120688826
122397737
124272386
123915662
122900249
123386936
117925961
122306297
124365935
123750338
123750872
118425230
124654886
118824341
124136675
89658541
79903764
119709944
119389490
122048942
122321036
122904905
124712105
124740155
123997418
119411690
85537020
124486931
85352808
85056339
119940275
122553446
111251669
123751067
123749492
124433012
85240113
121441130
122764469
120561980
120557903
124357274
117150782
116939033
84954966
123182609
122727725
113584571
85399587
123185657
124582730
110015474
109789268
109650230
85603770
119260610
75564666
85469877
106668818
124733477
81966384
123289700
124441523
123298592
124168742
84788040
124078928
85684494
118580804
124633031
89692693
123447002
123296846
119685905
120957989
116563052
119089037
96629368
85267113
84708741
123782246
124260812
109676960
124181141
121779932
124313423
123338582
120918182
121113488
84812343
123050789
120566459
78653724
122641277
123004223
124389650
118899230
124012712
124602959
124283036
114646148
84847468
121155425
85603050
124405208
117355508
119734142
121402754
120775229
114494117
124471907
119276882
84932763
85660773
123552686
124611929
123446861
123874886
124662764
124673945
85549821
124092749
120523610
84812753
123249158
124419842
123233150
113447615
124437413
123228503
113225237
85504143
124096631
122885561
96553993
123020078
119386478
124041956
110887961
72767187
124570652
122398145
120665645
123974429
123894476
85688463
85610658
122193779
109304648
123687587
85612377
96552661
118952819
96622912
122816276
85713990
123549098
119386493
124056173
123687359
85109223
124629491
123915800
85680159
124089245
124579490
85109211
123420881
124632065
124637360
122195588
121758959
124558337
120052259
116128295
119302235
117855062
123647531
121379813
123807278
124722824
120005054
124630802
124637306
123349448
124740572
122551313
123624083
122610812
67819669
118627046
121721408
121290986
123003374
115500725
122773544
124517321
118848800
123116294
123921401
124280744
124692218
85601181
85541526
123927314
118848824
119387354
114057722
85611639
107781005
124104248
115325186
119587211
118407653
124621181
85599831
85690875
124462790
123659510
124118939
124104242
85693341
85516842
120953213
123270323
124206977
124664123
85345569
120609746
124209281
123948167
118848818
121812284
85466625
77613882
96561805
123140207
113325716
120982841
123594509
118960325
121773191
123350885
118848983
118997255
119977610
124008155
85620288
122932955
108658394
117922772
123059765
85633182
82739082
85128666
124426673
123821540
124356293
124297307
124581167
123765569
85466619
123700925
85367157
123729686
96550960
85532535
120363026
123610055
116481722
124209269
124585211
85400043
122293988
123103442
120241829
121883450
124104353
124474721
123171020
123345347
124288016
124104176
124504325
115462184
85620297
122913749
123047384
124408463
124659143
122624468
84841290
124226501
124252505
112557626
85659459
124628357
124104155
124201595
124656629
122817257
85596165
124104347
96609322
122146073
85112115
85556637
85544922
124158299
124104260
85394715
119484527
114386300
123470633
85143966
122667230
112476116
124593008
124559111
85213242
112880528
123070076
122368619
124086806
124226510
123475295
124104362
104758139
123600326
123521147
85354182
110097365
85413489
118699577
110394203
85307715
111022553
124627538
124105301
82156221
121144775
119561876
85394718
124238855
124048037
118033508
123376727
124104164
122359286
123293258
122309291
124104203
124104233
123192785
118997396
85650954
119587658
118033610
124104386
119080727
121918886
124104284
112031909
109799183
122864876
77274063
121179875
117926204
106361615
85057491
124595243
123034985
123369533
121644380
85266522
122248751
124357715
124439000
122262833
124755791
85687839
124160897
124124816
124355609
124681733
85505391
122731364
122057192
123265250
124462493
124689029
123427691
124679057
124215779
124498082
84823563
116470937
109197482
122353622
86832088
124689473
119467091
124112795
124430600
123854828
119467034
122710517
79669491
123802121
123500600
115793612
118055903
115406309
121940900
123404573
123914906
124000655
79725261
123061826
124159640
121145339
121849316
84013182
123415115
120496286
121118261
118041806
123017009
122619746
106360982
120754712
85678293
123132425
85138920
124407917
121417562
85585017
123415457
96631177
124612469
124427309
124588220
122442665
124099043
121647308
119949209
108157616
85335852
90718393
124703039
123763592
124011215
124701770
124702928
123696683
121083062
85649910
121118234
124702574
124701659
124702862
123394991
113621993
120418406
124311629
124186904
85335930
124267280
93689030
103520498
121835711
85584300
111317144
119249246
123101861
114421037
85335813
112573799
123521858
113192729
124703171
120470957
124702202
124702910
124701680
124702625
116798396
119534729
123455846
120934808
96582899
73258647
118917689
122026937
124456439
83599725
111504869
123849929
124703234
124702100
124702676
124701713
85202067
124154159
85305210
123489683
120556265
121174835
122703104
119975864
122096996
84779637
84767766
85436826
123889106
85638060
123591002
116026985
123395117
111653408
111781139
123981002
85096887
123121898
118386320
120244784
123875654
123083390
77397606
96559240
124550270
122787107
124462289
118450055
118457915
124766345
121114052
85464363
85357077
123668714
123947762
123692876
124134158
122090048
85436679
123199250
84147280
124550675
84811758
110402966
96559237
105261941
122563127
110514734
84029478
123453551
123639614
84534511
119381336
85632012
124628750
124462040
66613353
84147289
121377335
123251828
119152142
122884064
85436844
108115427
119356334
65640370
123302339
124192949
104544716
104537351
85529310
111653417
111653414
111651971
120269627
123365354
111652016
120670916
123348371
124305857
122438222
121924664
85368243
121393721
108495965
91138252
84147304
124675634
120586880
96618946
85546050
123655073
123885413
124077719
85491402
121337195
123503564
111653426
85493256
85662951
123489680
84819990
123993236
85331253
120556277
85557045
124014797
119649770
115736180
85490823
120873323
66347877
120378533
119705441
88838270
124372946
124701797
118588766
82874934
117152642
55839051
80155767
79825689
123270434
119705579
119726879
122707556
123769676
122878106
118769096
122267285
79828170
118543514
115856219
121637780
124437776
85389408
124038887
123324752
124039331
107323550
111857363
84094274
122872979
121668638
123943724
115738292
123282716
123220280
123924491
122360069
117674165
124655702
124704503
100735517
96635638
85491453
123892088
90118862
122788199
124443329
124515614
120688808
96559255
123935588
71720703
121102130
96645496
122100647
123919202
112942979
120501629
108918512
110514824
88646468
61886742
114180629
85491420
118901921
118349141
110514896
85490847
81589800
124018715
121531292
110515358
123320954
123280904
85644678
85708674
121567592
121445846
122832512
124222397
79984866
114992042
115000118
119519639
120927650
117394151
85175885
123688859
123626522
121177079
121542395
119387369
124653431
124203632
123801278
121002383
123945362
124614380
96648970
114992159
123746192
115015676
119495138
115000040
114992153
124419965
122032055
122016581
115490999
123874304
123160070
123943289
85728126
85486731
123370967
85672998
122925272
124419176
119505530
119387456
121800443
123079997
74473730
117945746
119387327
96615439
119379554
96568186
119434208
120558002
118602248
90672142
96564742
82148613
124024436
120377669
117550061
123404648
123203417
90994699
124670840
123403952
110649158
123797720
124030241
124535042
121551245
123728165
124206227
124330802
122492723
116380466
114881120
123930707
124063655
124330799
86655850
119563628
122089775
85575657
120763208
114506432
124120085
85664811
124261868
112001177
124635113
122367275
123711458
118371176
122100446
85480101
122367302
122430614
115998218
119177813
122906285
98341277
124759361
123020144
85599936
123489860
115992239
122411996
122089340
122113040
117620858
123257459
122269943
121199435
123218864
116002304
124705361
122309741
120655151
104752025
110195426
124322426
124427729
96646735
121652333
117417557
115995239
124752194
106921088
110195435
118415846
121731002
119746319
121492277
124757054
120824396
90828352
80224770
117418406
118809533
120916877
115511549
121007273
118960187
123053576
96559231
120199706
111674723
123972911
123674627
107547101
124351223
121890620
96554785
96552520
121402067
120829109
124206527
124403159
123164969
117417575
106921079
110645366
122591093
85437573
116999933
123195440
124120088
85383459
122093729
110489708
74917002
110195432
96601150
122092688
122297963
85668390
123489635
115993748
85374573
119560259
122113046
124364477
121731413
117418352
119816894
123733913
123258002
119495057
114841400
123346181
120655166
116001560
115996145
123429233
124251686
122826224
83293197
120566582
119226452
119711597
124261145
124198331
122715119
115161587
123930335
124672079
122420441
96559267
85694253
123916178
115178726
78718860
122924081
118869872
121118087
124328306
79758408
124120076
122889500
122780951
122609642
119861828
124271783
96638011
124364462
124120091
124120079
124120082
78080748
124024046
83624538
84082359
118674770
122141474
123002873
124368422
116461352
123626234
121854125
121856522
122315201
121180370
85516686
124382465
124381829
124641878
119697611
123386624
124594232
88631392
119514005
123010088
117405887
121071473
124455815
123796847
122301659
120775919
124515161
85558659
116136752
124474202
123627011
113295485
96571867
123779441
116329988
107343881
121878998
124411844
121271234
124739513
121969400
124334285
123870551
124209863
115077050
117068636
120823181
123255290
124459007
118360187
122843072
123634955
119138081
124599308
85431333
124319069
122707457
96592327
124337942
123203924
124248173
123923951
123255305
120155777
123349001
123404546
96563056
124466816
123255029
114209783
121725080
121991738
124351502
116632424
85509393
121542965
124420316
85597947
121985762
121271231
124631303
124081646
123900617
123253295
121699487
122376059
96635191
124114034
116253362
124320329
123192131
123568883
120343115
121985876
121244207
122047502
122231831
121458614
123704366
123211169
96568339
123478178
116795318
124371050
124041431
120394139
123373640
115579760
123537245
123256724
83597352
121566782
85346454
123811157
121803992
96591661
84083838
124465154
84781884
114120005
114779021
124457975
122269844
123066221
123208250
118857935
123207491
123255197
124079069
123571517
122965664
121952324
85456587
122881955
124750808
121991750
121825628
120257498
123722477
118956905
114685829
120667190
84016230
122374058
123126791
121158827
84869919
121652594
96562912
124351613
123204710
123506900
123772205
123204062
122263616
123203477
123206084
96562894
123772202
113176133
122772881
114015947
119205287
111103694
119564309
114981221
124616231
123255257
97248137
82846608
123255083
120294131
84013407
120065729
121056494
113357660
121311803
121993103
123392942
123421481
122931704
122950679
85347375
85659297
123909386
124532798
116515628
85507530
123319997
122606897
123662609
124740146
122342192
123113750
107977082
124144898
102759392
121784786
124602989
119495204
120335201
85702359
124367972
123776366
116800877
123428111
122833223
85469892
121414550
124692434
114202400
112212725
124677818
124454888
124310417
122271731
123467993
102899927
118757165
124170371
122000477
121067990
123404924
85653678
122784794
122822168
121746686
120611792
122292374
85482528
117069254
123827819
123574952
85481646
122932685
121844420
124363778
119586545
123432938
123647429
124581425
119592788
123522518
120482822
120416714
114711965
118644713
85110120
122378732
122608457
123683426
124480247
109001882
85202967
124144088
123243323
109031573
116387834
124148840
123603890
124451030
122721668
87014276
124269314
124580687
124092692
124092593
120816233
121492691
113745203
123596939
85439673
124519451
120532847
72632526
123615914
121688204
84558869
116112848
124092566
124511957
123715706
121890983
124461674
122092505
124314608
85531512
85533390
123883142
124092170
124150508
119186147
85531506
122761679
124474013
123420986
124000079
124000055
124369688
124092281
124362257
123046019
123763742
80118408
85056333
123577394
85482126
105617681
121040120
79633755
123928820
123519242
85415367
124133624
85546437
123995144
85420539
123241115
124257845
124222736
85128678
116760539
123196760
120130442
124092242
117148928
111800897
124092668
77733459
121691132
124092488
117736100
124092353
85718550
123876632
123951674
124092173
124092695
124523507
124706807
84750363
124308677
124428893
122700437
124733090
124004756
122929103
120571475
124092209
105527888
124449029
79633722
105617675
105514718
119270612
123309281
123631751
124448996
123219617
96635716
124092455
124036427
123197561
85569684
124455938
120688835
123923450
124676615
85653681
109069382
121719386
120044378
120911072
124092290
123309284
121285616
123873647
124547090
124207214
108437048
122422640
121744148
121518719
123110000
121285625
123596942
124092500
124092725
124182719
85443939
85653684
85394592
124092404
120590069
124168817
124171634
123728651
124423262
123011603
112171532
123749645
85486977
76757400
96626269
124114823
122563202
96567355
123077009
122798381
84868728
118205843
84721944
123661535
124092248
124092227
84751947
122670413
124226567
120819548
114542060
69353821
122108738
124737365
122587307
122538092
122668634
123947201
85545873
85491429
122262923
123980474
124631828
122580038
120753353
122682203
96615445
85484463
123925481
124372343
119441018
122322092
122923520
123963791
124092161
85672638
124723094
124371104
124092416
123040277
119338934
119011505
121056437
111602282
114594092
121239407
120946079
122317763
123276908
96567376
122798396
122551049
123697712
124219328
85548003
122697902
123661520
123797957
116709338
122670419
85558557
124580471
122560343
123094901
123235754
120386369
122538095
120532133
124440635
124177271
85594425
123949694
81971046
122826323
122844833
124421039
124622810
121621877
124097108
105527885
123244703
121214597
122310680
105617678
105514715
79633737
122059286
119489900
114448952
124249556
124680488
122408363
123922787
102329162
76794621
121734686
123871106
120950900
111561629
107977067
115722530
89930971
123234839
123851156
85653693
117195863
120261809
124644644
121162910
121157924
123877334
85417953
124092728
122359880
120516887
123929315
85340748
111072509
123994190
84725040
85689627
121360286
123908408
119264846
124133234
85420533
120757607
85415136
121125542
124369571
85701846
123185600
123936845
124195436
124092356
124234895
124474019
120012443
121156244
118995890
123661487
123430724
120606794
85689630
121360289
124194302
77303232
121158917
124643540
123928664
122155709
85324542
122788772
124092326
120244259
124474028
85645485
124373657
124092410
122089649
123947627
123819056
124281299
85443576
120937214
124092461
112127627
123110003
112502432
124092224
124092338
120382628
122630852
124010030
97662113
124688858
85110126
124633814
110071934
122687552
124144655
85599423
122422646
117217424
124735610
124092314
123023174
124092413
83600430
121678265
123463460
120271034
114490838
122976218
123743477
86419579
119341400
123512831
83980910
121126391
41103723
124113035
124490843
124092398
123278912
122250863
116027942
123914021
124092458
85797793
118529063
120569147
121045496
124543973
121056368
123899111
61138500
124595195
108112379
123868508
122626391
124424993
116519111
124243190
112355276
124498226
124680386
124460528
124763042
123274244
121123082
124736114
122965523
124250666
78501324
124264901
121916291
124372613
121147130
121634216
96540418
110684852
121116158
124572194
124720835
122596211
124469666
122176622
124750739
85650936
84829050
119866217
123629192
122759294
85325550
109666787
121665101
120938879
122996801
82157886
123583862
109825382
124209242
124712573
123117140
85672587
124678724
124691174
124688810
121343771
123669920
122769122
123585542
120576716
124710821
121833920
85714446
124329560
122683550
124588877
124513046
85694760
123873146
123659822
121854767
85690947
85308156
121826321
119520482
124332314
117938528
124139210
124521482
124252055
120117893
123338825
118309613
124540466
122958320
121782554
114773399
117990206
120958709
123934214
119657246
124764209
124656662
121881878
85232784
123921377
122398994
120318752
124577207
124398986
122964800
116841242
85447242
115415618
123175055
123146105
121689446
122267120
118524068
123849458
50039281
72609921
122965118
123154523
124665989
122873888
123896096
119026217
111505595
124576976
123556676
85665366
117503468
112743047
96573763
121852328
123510014
124036766
122909378
119827676
124307549
76961936
122931308
109674041
119573486
121356821
124427738
121721414
124079537
85580580
120961721
123985802
124589159
122446064
79621941
123929618
85150866
124441385
123594041
117818840
102529652
121214663
124450511
124721351
122145299
123712991
121172663
120070484
123962765
123914960
123922844
85623156
116482925
123019064
124565708
114765791
123696491
123092978
117942338
117942248
123578768
82874937
122689136
123116051
120781715
77401791
85663815
123252185
123728009
96574903
121742078
124371077
124485017
122761340
84009879
124126460
85312725
119959481
96574882
119959490
113907875
120382766
124038236
119679044
123100859
117387362
120877091
124454666
72191379
124332755
123668678
124341755
114466103
124758860
82874940
123257108
124628576
96574912
120448052
122783555
120902015
124308206
120877055
116356448
104536511
119631269
114889877
123257198
119555753
85176669
123180392
120902354
123696488
124359050
124038647
123376724
124152437
77404446
124755410
124038812
124690292
124642580
85059288
115961762
124645235
124380017
118962083
120236909
120877103
123412463
121160432
123438275
96571813
124109162
119546171
124562369
120075152
118956896
123616496
85341564
120479528
123732941
123662060
122076641
124049873
118545500
121074977
124678469
117412046
120339620
121252313
121242134
85368087
120188789
124126457
121976669
85652943
85491030
121568084
85601691
124351139
124032911
82157406
124413536
123198161
123485648
82157532
97340363
86923816
82131472
116453375
115313753
93913034
71695719
122266271
85096893
124039853
124132241
120909665
124083086
122624768
124502522
85246437
124039448
123220634
118823501
112031069
121753973
123999365
121622096
96603655
85607178
96612493
124672622
117604013
123512765
82874976
122232311
123396911
121378454
122177597
123311834
84759987
121378430
122612141
81040065
123098351
124483856
121248617
124752938
85645968
96565852
122062781
123662063
123501620
121796195
122076629
124242254
122090237
85461318
123210248
115770971
124159163
119507903
123119657
96607990
120329756
84042351
85517301
122041514
113464706
96575785
122437979
121831853
123258308
85491468
113045753
122333405
82874871
96602992
82874874
121753664
123946187
124403783
124265147
122832110
85381224
124731362
121124738
120584717
124229780
123586595
124571600
96583516
123468518
124294556
123884930
122768357
124414817
123654380
124073168
117144788
124037996
96551698
124589702
124611239
120884612
124361969
124376474
114762806
120342887
85557162
113596214
124113092
121117838
114685187
85344411
122579786
113915327
122995943
120596132
123198872
122320922
124235279
124332062
122822522
124411460
123934883
123209168
124110779
122573393
85708599
123996509
114257210
120342884
113574629
85717491
84033612
121692161
122790425
122790290
124434914
106820762
122573438
117203840
124762364
85315296
124454264
124578077
124562273
124088144
111564605
85634679
124535489
113183660
119448542
120342878
116472404
113574056
85435839
111364295
120342899
116472431
124248830
85581549
124432724
120565370
113521061
123971078
124696301
120565361
96576571
113520812
85561002
123224912
123038252
122265578
124743524
123439028
123668303
124146689
122146034
124597574
119384015
124599026
82740063
117080174
122916701
122916740
84946266
124205729
113575562
124495448
85685976
121433375
120342890
122176808
114762215
124323494
123906698
120612566
110486687
124363232
120565379
124169159
124756688
113596298
124409996
121501892
85525728
122580557
89868532
121189781
124582646
84953928
122223740
113021198
123512120
85337196
123224915
106824272
124250870
123554990
124290830
123951179
123088364
124706597
120115841
123448052
124365683
82739271
122916794
123254060
124767431
119518664
113522024
120565373
123237527
124523966
114222692
122624246
123926186
84953763
122580230
119256971
122358050
119684294
123870137
122965376
113481728
85582743
120565382
111365204
114993902
123122747
85640007
121754861
110656016
124561169
124449521
124633544
113521949
123462590
121845317
119203733
119495153
113520956
116407526
120565376
113574191
123402251
123403616
120565343
111565571
76260978
124248401
89868202
123310856
124353227
124702661
119364905
119201036
85403037
124570670
114352427
124367024
110386796
121529699
124264277
122666396
124332311
123305264
116765432
120333008
82831272
121923800
123402887
122726516
119206391
124250174
123654641
122844770
85137885
123401618
122559827
124265357
123489161
123872678
120161399
84751905
120103073
124625105
113878892
123122315
119746706
85319538
124663892
124542962
122791160
123647504
123008786
120562853
85531161
84850125
123220874
119203736
124099346
96614599
124226033
124757591
119335496
123875999
122965379
85557414
123752147
122905355
122894636
117985967
123520178
124353551
122476664
124522190
123763355
85339548
123498899
96566599
124562594
96541150
122318069
120774401
85591050
124682921
121512536
122159753
123131846
124357757
123971585
123973283
123982967
123973097
123982235
124756526
123983123
123983183
120811409
124109630
123603392
123983213
106170122
121800830
85514400
84812328
124072190
123348104
118913126
121201043
85514394
122397923
85496415
121151468
107629781
85514397
109801763
85350060
110126669
113093870
85386087
96600670
109828616
113096810
123782435
96572800
119266265
124740014
107238116
122097176
124077995
123797441
124040789
123533564
122017400
121413434
123386894
123602042
120539198
124133375
113093879
77608941
85707609
110126657
113093861
111248567
85425936
124386296
85557411
112065398
110427404
84032796
123536003
124462466
120119039
85544430
122671775
123257675
122147417
123233240
124462775
85494180
84009699
123994169
110069144
123117269
86734792
85361598
111885260
123826841
124614803
113747918
116766725
124080821
124561679
121076003
84944217
117987944
123345596
122319881
124403408
124755896
122923538
85253622
123546299
124419905
112570085
124597898
118952435
121518608
119443127
122961170
122889323
123728363
123551684
124046666
124283126
118197341
122343227
124168652
123149045
121831082
85571154
119690798
119103968
85643910
80112708
123912344
86044015
123797447
115843100
112845242
124654679
123774086
124246382
124481720
120607235
85457232
122727446
124692299
89819296
121259735
123459686
120204914
124129922
123013001
116048681
124124330
85617834
113539577
104343020
119387015
124164941
123306206
121500971
123325544
121409243
123653234
85399785
85248240
123344453
120902552
124480355
124711439
123387752
121778561
121777934
85652118
124477844
123906059
85617846
124758419
123151370
120764903
124260695
119380913
123504647
121420871
124328384
124722542
123457907
124319372
124388312
123651368
85598907
121706819
124055657
118533446
124767755
124470317
124034156
85479621
124065215
123292244
119757629
124595891
121536386
119784983
85333953
124260644
123249827
124723358
124341914
124333595
124532837
124362767
124047545
124047566
122845061
121691213
123972326
124726358
115432031
119205563
120096755
109348913
123899114
123610424
120604046
124046192
123354980
124628588
122305538
124475324
85134435
120944672
124597973
124696343
124684607
124243880
124597976
121566404
123380951
85561497
122167370
118525922
122927459
119315357
119425235
122759606
124285886
122422355
123708293
121755347
121381784
123021392
123733352
124007903
123852152
124046186
124265510
124253567
85695621
122087039
123037919
84740619
71478617
118923374
87343706
118533404
119866373
124640735
121964330
111724199
121964537
119386409
115427708
121720037
124766516
123257114
119386454
119386400
123198902
115385603
119386337
120491564
118967978
123647156
85728414
124400315
122787989
124064009
122162528
123373364
122666303
122556695
85334010
63524712
110381642
124308911
124568054
124568705
85553781
124218335
124125467
96654103
120370277
119759510
124358081
116273240
124035764
119386397
124505783
85483254
85615620
124239695
96553531
121508930
116456321
121945172
124214087
121935839
124469273
124083482
123547706
123348683
111289340
124118288
121997174
123761924
124267223
85593765
123199052
124598018
85380222
85415199
124139723
123990593
123795011
123775925
123420224
124335482
121648712
85445439
119592194
96556672
120468584
122577374
120316355
124752701
120100649
123988445
123509531
122770397
124191044
124359044
85490961
96554455
121786085
85487682
122705048
123303260
121323689
123221714
123337184
104825675
39962283
90206219
124256459
85656048
85725093
112983386
123579788
119333000
85346202
114002585
123208838
124428257
96654331
122689877
85385331
124224656
123534098
122838407
124330247
121937519
124449821
122005520
96653806
118851113
124152350
124644773
124297766
120968699
121591694
120823781
124105631
121035452
123980801
113807915
124761245
85654968
97714184
123480527
122647508
110380859
122261735
121680098
123106247
85641390
85641246
123781421
84840722
108349517
94916411
95771999
106222526
123590741
75110580
120678407
124465775
122238686
79010469
85643466
122878241
93193679
123044099
113459630
123522380
111369476
117854729
123017540
85552668
121430117
110138015
96554803
124381475
124589177
84751869
85472091
122558933
123811130
85545666
123851114
85679343
123293954
85483188
123964199
124195028
122865017
85673328
121221254
123477785
124424336
85527129
124436081
121062617
123070082
124484720
124326806
124701929
123839885
124723907
123962882
124588571
85631316
122002343
116784608
96625084
124583888
116218478
122404220
123869435
73359337
123156296
73849047
124060190
124763366
123154529
85710909
85437399
123264656
123882878
85601307
120470306
121830116
121553276
120631163
84884247
122972447
116120411
84762216
115449011
123537599
123300641
85319043
124105322
124007591
124610588
124054883
121974278
120586277
121793294
123827639
120972281
121471943
124171403
124589141
121244102
118772462
96593653
123551411
123839834
108445454
74316222
123232529
110069243
120034475
124751294
123836300
124090499
85334058
124618307
85617348
124419911
124204154
124351640
85612476
123235724
85605966
119494205
121961072
123553394
124570664
124113308
124139270
82452519
123935366
123211724
123154526
124431221
123927818
123648125
84786456
82157883
124642544
111007463
124501742
120702860
117955190
122491625
121289663
122185757
123224870
85317990
119292074
121974446
123853214
123313922
119765696
124313513
118715369
123772814
121780202
121110461
121467395
124721693
107988938
122695772
85604445
124763138
107518265
119466599
122848196
123224720
123512483
123682007
124054193
123656813
122492483
122247218
124312220
124654583
85599270
123840302
122161478
119281460
74844066
47838357
119428949
122168183
122291729
107822114
122291726
124229813
124429595
74383795
122291744
121854887
124750757
123807683
113472833
124691993
113431481
118392638
111826154
122808509
85698981
124519055
121262588
122896991
123337349
102074642
68823717
78625173
85225569
120694034
124272683
78703122
119737334
114879944
63852849
60025293
114802160
114283919
78625167
119565266
124564898
120254681
122573093
122573444
120911183
91199639
123017453
85321530
124226039
114823526
59951826
116565749
72113370
118674149
60213180
120288941
94233077
122641361
123250937
116534441
122437004
123783872
110588375
123111689
124613009
122297063
121198913
85405716
119866568
96591586
106873919
124698692
122897588
120371024
119784065
119201684
123651143
121726433
118698917
124207115
120946388
124131137
96637057
113049857
116050190
120133307
115727981
122273141
85623506
110203283
118816739
122662742
89875921
116740256
122662694
54655301
85620324
113210105
123204593
123091172
118674791
122592830
120455705
60213177
94233032
111019706
85136289
116920301
122646890
81944829
122564933
124519934
121943060
119364779
121911161
123575444
120166796
124564418
80173662
85595466
124533695
123149516
120958787
76512460
122598605
68907385
124755614
120447314
120067103
121607429
114767138
122377946
114204710
48393489
86393240
85319562
123443873
121683062
112801985
124227923
74505903
72645097
124319486
124248635
84045438
123896930
96583393
123488774
123105380
71418345
124687088
74447653
122642558
123058352
83619021
123975116
124765865
122444741
58743257
123030968
113208143
123095786
116527649
112481402
124660655
120514634
110729813
119492036
122318645
121726055
124217918
123157139
124544495
123464678
72878389
123493502
124581572
120510233
124511012
122269814
54410637
79906896
116712962
121496528
120826373
113056718
121487798
84812325
124137110
121493654
120135296
122312216
123130655
122921708
117986582
123262079
85333683
85488060
114731324
124527983
124504745
123120197
85343058
117552542
113929382
123456029
123262085
108955784
120615743
122790611
121608698
119263061
120110372
90893812
123463256
123448316
94508306
119429129
115856831
118589321
123113657
120500534
106593965
124296908
120500585
85217481
123947672
123731585
119803157
85137429
85571469
122772371
123105878
123399476
114131942
120916940
85421934
118768484
123757181
115638062
122658986
124358984
121425551
122291723
113967464
121492112
124333592
122236796
85134663
123711587
121993889
119753801
124227275
122287265
117107906
123658877
124258823
124376876
123149192
124563569
123121580
123345563
120615224
120523850
122873564
86121769
85436931
109942502
121544444
115512767
85132266
122563382
124704065
123188870
119449472
121483457
120268355
124046105
84889464
85331058
111533165
85660716
85527978
123212441
123219920
120826235
79302262
120291077
122831285
120159305
123589700
123423764
122171660
112913960
79302277
120048371
124599449
123870053
85640343
119657474
96541864
120176198
123262070
123816632
86374681
120267674
120272531
121928063
85386741
123419183
124523276
123468164
124428008
123731762
123421670
123930329
123197378
66476200
124189919
85484139
120578729
121685258
122830649
123453704
114746177
124581566
120364706
118817645
120801200
121164311
119221751
119018249
91996523
107096099
85479243
80676742
105110561
121414418
119563928
84042780
122781917
119461442
96842525
121118396
85436919
117696203
122676671
85537521
120667307
124036334
121920857
117859982
96624097
124529243
85436904
121538117
106602389
108870530
110481320
118458377
123416240
110187974
123587399
123321863
123262082
124548434
122827571
118329293
123271313
122708738
124613042
85374324
119563919
124521401
121947665
123064133
84997275
121124426
86528252
124163900
124042964
122287271
119803169
120121547
85614525
124038059
123396566
118444511
119803163
123355667
122704193
123281891
123262091
124412285
123468293
85544433
119742365
124016705
120957395
119729843
100425395
121685234
117857150
120901694
122823098
90241168
123549287
119382842
81938946
117598919
96629068
124265585
85710891
122327903
123262076
85680960
122324771
85490502
123234908
121882457
122412926
124026164
122162480
112641674
112936223
85340952
121833194
122425103
122686445
119998925
123735656
119736980
120003197
119465909
114501293
122961230
123506471
123506327
123171899
85490085
85489893
120929519
124202468
123472775
119974196
113419976
111706811
120877247
123913430
124755572
121642409
124301450
123166331
123690074
118633502
123632210
118631417
121853315
85438389
122649179
122564555
124334000
96601348
85662309
85503255
124131623
123109844
85703334
124064648
123192149
84064278
85385862
96638464
124638542
123444248
124764062
122778953
85708509
123507053
114787988
121055873
124349888
79936818
121968488
124195310
78848700
119945057
120108938
111015836
85660905
113561993
113964059
124213820
121853873
85584855
124621727
124751657
85368009
123571520
123324233
121928450
121917521
85552059
85206690
123528857
82770874
119958368
122163581
124125449
87559603
111480233
122602337
85451457
124422782
85367004
124696340
123400250
123110666
115040405
124046099
123405554
122765414
124272956
85619967
121793270
85572456
124131758
122765438
85414866
85567143
120467978
85199763
124573796
74044017
108671612
84953013
85488999
121961966
124660022
85590171
122255066
124124603
124131713
84009002
123772811
122615435
123891650
124413566
123391799
122000798
121755275
116890655
122851517
120329552
123886298
123569372
85504446
109593413
124503920
117001727
124217759
124261778
124545158
124548836
123438731
123914510
124500530
120619601
124289921
96557674
123022076
85359420
85694946
85410642
120910412
85351086
123667160
124643399
123924191
124118936
119691731
122091368
85394319
123937925
124287914
122137820
123948071
121883282
123503999
122476082
123074792
122719457
123656489
124026419
85630884
85635837
96648265
85393104
124434341
85623021
124549403
123760076
123101669
85557243
124223972
124035629
124704125
121893965
114714803
124041941
123873173
123875801
124675973
121327586
85479636
124453250
124613606
123726386
123483944
114856838
124318688
124462832
85359492
124725449
113108963
119938466
124643612
85177281
123520676
85523634
124499975
114858944
114858923
124303238
123288221
84775713
85328790
123804629
85595142
85439499
85690773
124571450
116059898
124509188
84706584
123935891
119606579
119206073
124101164
119081816
85374660
124128563
96636472
123014849
113289317
121605911
78483423
85491858
124634360
85620567
123328982
123192245
118050797
85599066
120754664
121801016
85359408
124681502
85387062
85387185
93290147
114858884
97337531
123896819
123120776
124242668
117898166
123520670
85528785
85359477
85633032
121800914
123872168
122263073
123264905
120582638
85720635
85727811
123808607
124379465
124430159
123582290
124613552
123992360
123156908
124058354
122289248
124730033
124413935
124681532
85359432
121234457
124248113
124469750
85359435
123038711
122882849
121110116
85480038
123965849
85676064
85375428
110142110
120970268
90446341
124698932
120685208
123788438
123714068
112551809
90446767
123917381
120065417
107713304
70528083
122154026
124023398
124213832
85633392
121796399
72578694
84882961
79255161
90447370
109850000
98859152
85359417
90446176
89409761
85359423
86010208
79251471
74812921
118040483
85360218
73391770
117721583
124661078
123146324
104166716
83093959
93946622
121264829
84796779
123401882
111276413
124343867
123892799
123897488
107716895
124667972
124451663
85587078
123737942
120506465
123416258
122634596
124766609
124628861
123071552
85446333
119518613
123235283
81560263
96612424
123789152
123768683
85533360
123756110
122677592
124599014
123222875
124546196
124541510
124486952
124649684
123946643
119108588
121334777
124575398
124541516
118628663
120483107
96652267
124717838
116430794
84812319
85369011
124486949
124568543
122932301
124202639
124737635
124148747
124194551
124225214
124443008
124764596
124724819
117946322
123973817
123964169
121653137
121201490
124574189
124105958
85431276
113377064
85567221
85716921
119680469
114084947
85304091
123917006
123602000
124222967
96642565
123818540
124047590
122403755
124089374
123409148
122739422
123634868
124513511
124361426
123944939
124225739
117742061
110822969
121260974
115991804
124071947
123342530
122790800
124630964
124403444
117946451
120155855
122896265
121268291
123192998
120626876
84839013
111533843
122549576
85464393
118108946
96551284
122237207
117550235
123381215
85364487
120763964
124439498
123419795
124684811
116868551
120742709
96654091
119652542
120501926
85352031
121216466
118715459
118668596
85636959
96564583
124298039
123500303
124071830
123428396
119685893
121747757
121267568
119108540
84009522
121943663
124545107
124206362
123663209
121653281
85312902
120483110
124729571
85661439
123446663
124020785
124603820
123939224
123095438
109429109
85423587
119212583
124072487
117926525
120528140
123381125
123027902
124127729
122407238
85550613
123013403
121328714
121947935
123262790
119608220
120174266
123236141
122933480
124604336
84073707
88788853
124315793
123224009
124560254
122145173
85439598
124186031
124740575
124635224
122349596
119214683
120827603
124186019
85718385
124306580
124284014
122529437
85687461
124604306
124578791
119349296
85103484
123159533
121963871
85568709
85568715
123972074
124407290
118050659
85439592
118967549
118964129
118038863
113627381
122561918
123869423
116469623
123762212
108635294
85717287
82267521
117866444
124215941
124226339
121362029
124077383
123553826
124229708
113787512
